0 598974095
1 585899734
2 464922313
3 464825722
4 308067124
5 305407962
6 269356647
7 235464738
8 165821015
9 153446673
10 4896213
11 4407626
12 1284779
13 1035487
14 402105
15 333151
16 301204
17 300407
18 224437
19 223435
20 36651
21 35522
22 4643
23 3565
24 2701
25 1949
26 1386
27 962
28 708
29 527
30 411
31 362
32 341
33 307
34 293
35 289
36 245
37 164
38 164
39 160
40 157
41 147
42 146
43 139
44 133
45 129
46 127
47 120
48 116
49 113
50 108
51 102
52 100
53 97
54 97
55 94
56 89
57 81
58 76
59 73
60 69
61 26
62 22
63 14
64 8
madeupword0000 0
madeupword0001 0
madeupword0002 0
