6 49151816
7 48843469
8 48403181
5 48272740
4 47092259
9 45550221
3 44771307
10 43347200
11 42036465
12 40845427
13 39182047
14 37565886
1 37313191
15 35986243
2 35693203
16 35101548
0 34341312
17 33853971
18 32609363
19 31170591
20 30539170
21 29537366
22 29072656
23 27993844
24 27311135
25 26853800
26 26041567
27 25218442
28 24614018
29 23829185
30 23282077
31 22923703
32 22251206
33 21581088
34 21006869
35 20604252
36 20113882
37 19970520
38 19299359
39 19014971
40 18672498
41 18152629
42 17946793
43 17466592
44 17329282
45 16898804
46 16583265
47 16377064
48 15973650
50 15517454
49 15516060
51 15134282
52 15045814
53 14764859
54 14308882
55 14153085
56 14002466
57 13730405
59 13361040
58 13338444
60 13041780
61 12815286
62 12659375
63 12409319
64 12122687
65 11897273
67 11778114
66 11749802
68 11551282
69 11380950
70 11242663
71 10912421
72 10753814
73 10621818
74 10555578
75 10506460
76 10377033
77 10207793
78 10031896
79 9908620
80 9747133
81 9732650
82 9597061
83 9405032
85 9363509
84 9298157
86 9138638
87 9014289
88 8978999
89 8821770
90 8677356
91 8674166
92 8425035
93 8372378
94 8236581
95 8165582
96 8072001
98 7983287
97 7950386
99 7830493
100 7675600
101 7598511
102 7562280
103 7492547
104 7426946
105 7336604
106 7213147
107 7146948
108 7022047
109 7017036
111 6952254
110 6945929
112 6800848
113 6759031
114 6586265
115 6538158
116 6487144
117 6433270
118 6344050
119 6302619
120 6200089
121 6152720
122 6087307
123 6001271
124 5975751
125 5917079
126 5823992
127 5744631
128 5704170
129 5655224
130 5607873
131 5590639
132 5547209
134 5449425
133 5441305
135 5383704
136 5317783
138 5248674
137 5246511
139 5195393
140 5106922
141 5075608
142 5049201
143 4957691
144 4941348
145 4884728
147 4820382
146 4815305
148 4747596
151 4707037
149 4688191
150 4674363
152 4615243
153 4580414
154 4537339
155 4514956
156 4480535
157 4391106
158 4354860
159 4318729
160 4288312
161 4263905
162 4254043
164 4201112
163 4196689
165 4195744
167 4107114
166 4101512
168 4081671
169 4065096
170 4017691
171 3970129
172 3955420
173 3906386
175 3901582
176 3858020
177 3840535
174 3827488
178 3804172
180 3740426
179 3728293
182 3717134
181 3698425
184 3630460
185 3611545
183 3600272
186 3586749
187 3571587
188 3518923
189 3482767
190 3471082
191 3449235
192 3439065
194 3419259
193 3393575
196 3366042
195 3362125
197 3355156
200 3327792
198 3321339
199 3293004
201 3292685
202 3270783
204 3227450
205 3206794
203 3194359
206 3158161
207 3140370
210 3139699
208 3136347
209 3131622
213 3080108
211 3076752
212 3063993
215 3019988
216 2999054
217 2992517
214 2987151
220 2942563
219 2941071
221 2938761
222 2927432
218 2913332
223 2905701
225 2890172
224 2883005
228 2843888
227 2823394
226 2816454
229 2784647
230 2782467
233 2761222
231 2745839
232 2735887
236 2722252
234 2709730
235 2698756
237 2696650
240 2672234
239 2662939
238 2650057
242 2630888
243 2619060
241 2598237
244 2565939
247 2557412
248 2547878
246 2545487
245 2539759
250 2513246
251 2512866
249 2506471
254 2495677
252 2488664
253 2482981
255 2470212
258 2460092
256 2453916
260 2430445
259 2423783
261 2419176
257 2400536
263 2388662
262 2360870
264 2360336
265 2355540
267 2309549
268 2304235
269 2303645
266 2295678
270 2274021
271 2273846
273 2263565
272 2253692
275 2234530
274 2231515
276 2213073
277 2209796
279 2209589
278 2194982
281 2184628
280 2166360
282 2161305
284 2152481
283 2148057
286 2138731
285 2128918
289 2115515
287 2097552
288 2080465
293 2072540
292 2068864
294 2053533
290 2050111
291 2046030
295 2034069
296 2030254
297 2025305
298 2019303
300 2009738
299 1988906
301 1980919
303 1978372
302 1977450
306 1963468
305 1944991
309 1938021
304 1936515
307 1910432
308 1903812
313 1903147
311 1895500
315 1891580
310 1890423
312 1885522
314 1884282
316 1864647
319 1859800
317 1855938
321 1842926
318 1839380
323 1810064
324 1809936
320 1799563
326 1789514
322 1781254
327 1771387
325 1765765
328 1761559
330 1756563
329 1739019
337 1730462
331 1722071
332 1718933
334 1716447
335 1716387
333 1711948
342 1700787
341 1686232
336 1686227
340 1684506
339 1682010
338 1678894
344 1672748
346 1662019
345 1656221
347 1646067
349 1645570
355 1630852
350 1629413
343 1628545
357 1617030
348 1615420
352 1605403
356 1604652
353 1599119
351 1598301
358 1598262
354 1585026
361 1578969
362 1578772
363 1576286
365 1571410
368 1556247
360 1549844
369 1536212
372 1535028
359 1533981
367 1527160
364 1521173
366 1519135
371 1518729
379 1509427
374 1509035
373 1507871
377 1506587
370 1499464
378 1493297
375 1485534
381 1484096
382 1472378
383 1463427
376 1459766
380 1458083
384 1450018
387 1442556
385 1435765
390 1429295
386 1425616
388 1413522
392 1405515
393 1392293
398 1390592
391 1380227
389 1362926
397 1355431
399 1354858
395 1349298
396 1346219
394 1340743
406 1331678
404 1330733
400 1325412
402 1318195
409 1309402
405 1307354
408 1304810
403 1303468
407 1302106
401 1296692
414 1281483
411 1277567
413 1275257
412 1270574
410 1264382
417 1262162
421 1261344
419 1255163
415 1242644
418 1242013
416 1239341
423 1234895
425 1222225
424 1219335
420 1212737
426 1209345
428 1207854
429 1206984
433 1201407
437 1200550
422 1200179
427 1198281
438 1194835
431 1188723
441 1186670
436 1180058
435 1179390
444 1172950
439 1168224
432 1167656
448 1162262
430 1160774
446 1158031
434 1156660
442 1156638
445 1141903
440 1140958
449 1135720
450 1129638
453 1124503
456 1124052
443 1124050
447 1120244
451 1119062
452 1110933
454 1105220
457 1096327
455 1089330
463 1085340
460 1077114
461 1069354
458 1069274
462 1067280
459 1065663
466 1065095
465 1056916
470 1053759
472 1046645
469 1041100
474 1037678
468 1033391
478 1033266
464 1032819
473 1024184
475 1021304
467 1019049
477 1017241
483 1004744
484 1003745
492 1001380
482 998385
471 997303
480 996717
487 995788
476 995688
489 993719
479 988026
481 982578
486 977555
490 977287
485 977211
491 972831
493 968599
488 968313
497 964717
498 963489
501 949062
495 948852
496 948096
499 943478
500 943430
494 941822
502 940657
505 939578
506 933729
513 931052
504 923014
508 920547
503 918529
515 908491
527 908398
511 908342
523 907671
510 905740
514 904873
522 901407
509 900480
516 897574
530 897175
532 895195
518 894228
519 893307
512 893115
525 892778
528 890417
521 890235
524 888637
517 886584
535 885225
507 883716
520 882476
533 882306
538 882134
543 882110
529 876603
531 873030
550 868687
552 868403
547 863772
540 861780
537 857511
545 854924
548 854311
541 854118
536 851688
539 850794
542 844465
526 844275
556 843890
546 843706
551 842724
549 838385
561 834151
558 833039
544 831394
534 830507
555 823984
559 821200
562 816310
554 815353
566 815023
564 810218
553 809097
576 808022
567 805460
560 804929
565 803523
557 802922
570 798321
563 792767
572 792392
569 790722
573 790508
577 789334
582 782629
571 782389
578 780480
575 779369
568 778250
580 771113
574 770678
584 767571
591 764372
583 762662
588 756816
587 755582
586 753776
581 752005
589 748963
593 748200
590 748199
579 745935
595 745780
585 744695
596 736460
592 734958
609 731223
594 725796
597 722055
613 720707
601 720297
617 718491
599 714668
598 712173
602 708830
612 706383
603 706185
606 705197
605 702316
600 700849
619 700183
624 699925
607 694942
608 694427
618 693209
616 692144
625 691703
615 691517
610 691297
604 690441
633 689170
630 689116
611 688516
620 687664
626 685480
634 684807
614 684324
622 684224
623 683672
621 682602
639 676158
631 675907
636 675828
644 669527
629 668502
627 664422
628 662305
649 658918
642 657832
640 655588
641 652527
635 652177
637 647061
648 647020
654 642603
647 641934
643 640416
651 640229
650 639377
632 639293
653 634788
655 632655
638 631743
658 630881
645 628757
652 625873
646 623770
661 620080
668 618459
666 615180
663 612845
660 611886
657 608875
667 604068
659 603601
664 603240
674 600122
669 599782
670 599774
684 599170
677 598830
662 598444
679 596473
676 596375
656 594662
671 593452
688 593080
673 591020
682 590938
681 589533
672 585356
665 584046
678 583476
694 577456
690 575151
700 574053
692 573954
698 572323
675 570801
685 570659
703 569300
702 568425
705 568245
696 566136
693 565587
680 564390
683 561395
687 560995
686 560923
689 560845
691 560676
697 556017
713 554925
699 553881
701 552269
714 550253
708 548626
704 546042
710 542068
712 540767
695 540670
711 540248
720 539453
724 538011
723 536786
706 536214
716 534193
719 534047
707 529971
709 529085
729 526257
726 526117
721 524088
715 523740
717 522785
753 522060
732 520893
730 520565
739 520534
722 518836
725 515637
718 514925
742 514573
733 513627
727 513469
736 513208
740 512075
741 510827
746 509473
773 507539
751 506561
735 506517
750 504391
761 503952
744 502548
731 502114
743 501936
747 501748
734 500052
745 499923
748 499318
737 499297
728 498505
754 492187
738 491568
759 488267
764 486757
763 486681
749 486676
757 486643
765 485128
756 484244
755 484031
769 483490
771 482850
804 481860
758 481775
783 480284
767 479989
752 478655
775 478370
784 475985
760 475305
762 474942
786 474011
772 473608
778 472649
768 471593
774 469843
766 469480
777 467530
785 464856
776 464134
782 463789
770 463032
781 462433
787 462010
799 461023
798 460445
795 458523
807 457986
801 456256
789 456097
791 455989
788 455963
796 455615
780 454919
822 454480
816 453596
811 452402
808 450906
793 450578
802 450535
790 448232
809 447332
779 446493
794 443714
803 442860
806 442650
810 442108
835 441966
823 441829
832 440814
792 440632
797 439409
824 438668
805 438664
819 436147
815 435375
800 435075
843 432934
829 432522
821 432452
827 431791
837 430625
813 430329
840 428417
812 427411
814 426417
826 425922
818 424489
849 424313
831 424166
853 422538
825 421555
848 421339
839 420135
842 419652
844 419228
846 418579
834 417125
838 416984
850 415948
817 415808
858 415009
833 413071
863 412910
820 412812
847 412683
830 412312
841 411463
845 411358
836 410711
859 410499
855 406671
851 405047
828 405046
857 404467
864 403942
874 403019
852 402653
862 400722
873 399316
869 399059
872 398361
889 397845
854 396840
868 396419
856 393957
878 392728
860 391844
867 391557
886 389672
871 389369
891 389362
875 388293
881 387386
892 387280
899 386881
880 386856
865 386363
896 385592
861 385040
890 384753
888 383074
900 381512
901 381111
879 380742
882 379018
884 378812
866 378349
887 378273
909 377662
876 377039
883 376702
898 375532
911 374212
877 373166
885 371514
870 371232
895 370522
893 369632
897 369430
906 368813
894 367904
919 367126
903 366647
932 366290
931 365072
908 364741
924 363948
917 363860
907 363706
913 363517
904 362906
920 362165
926 361823
912 360614
902 360338
929 359038
905 358422
934 358412
916 358366
921 358200
940 357592
915 357058
914 354350
910 354171
922 353814
925 352771
918 351950
933 350773
927 349292
949 349259
936 348792
935 347908
944 347396
942 345909
937 345876
930 345447
923 344701
928 344367
965 344338
969 344197
954 343873
959 343856
946 343666
939 342462
951 342179
943 341800
975 341586
948 340580
970 339621
957 337750
938 335469
974 335329
947 334799
968 334556
950 334150
941 333536
953 332822
967 330986
952 330302
963 330026
972 328701
955 328672
961 328218
990 328042
945 327887
966 327164
987 326650
958 326281
981 325276
1004 324749
977 323889
971 322681
956 321939
973 321305
964 320851
992 320440
1001 320223
983 320163
1008 320121
1000 319895
985 319134
1005 319078
980 318961
979 318133
962 317526
1016 317491
996 317142
960 317111
1002 316634
1017 316249
1018 315625
982 315599
988 315402
976 315144
1007 315090
994 312169
1003 311975
1011 311477
1039 310303
1014 310145
993 310070
991 309778
1012 308840
998 308755
1021 308506
989 307377
1026 307198
1020 307044
984 305735
1013 304884
1010 304348
997 304150
999 303953
1015 303482
1057 303378
978 302973
1022 302246
986 301538
1030 301045
1053 300487
1009 300441
1019 300404
1034 300342
1036 299775
1006 299260
995 298723
1024 297892
1048 297151
1049 296988
1051 296586
1046 296442
1043 295643
1033 293811
1047 293536
1040 293408
1044 293175
1023 292248
1079 292115
1064 291992
1069 291562
1027 291412
1075 290348
1050 289867
1060 289787
1061 289697
1037 289274
1091 288982
1071 288559
1031 288158
1085 287407
1029 287007
1073 286620
1065 286611
1038 286376
1056 285904
1035 284973
1062 284800
1045 284717
1080 284383
1094 283444
1067 283276
1055 282863
1054 282084
1084 281786
1028 281643
1083 281568
1099 281410
1090 281256
1077 280746
1041 280719
1025 280679
1088 280273
1052 280246
1095 280115
1032 279272
1097 278901
1093 278863
1059 277444
1042 277428
1066 277314
1086 277282
1082 277033
1072 274852
1087 274261
1096 273664
1063 273339
1081 270873
1098 270770
1089 270115
1070 269234
1104 268007
1058 267952
1078 266779
1076 266351
1100 266311
1074 265878
1092 264500
1068 262967
1118 260950
1123 260817
1101 260507
1113 260397
1102 259600
1115 258573
1124 258353
1107 258130
1103 257977
1114 257970
1111 257747
1138 257590
1122 257533
1167 256357
1126 255763
1108 255709
1183 255604
1117 255045
1165 254649
1147 254172
1127 253298
1112 252859
1125 252491
1132 252149
1171 251944
1116 251903
1175 251891
1120 251660
1106 251555
1145 250606
1136 249740
1121 249632
1160 249512
1133 249137
1166 249107
1110 249057
1164 248647
1155 248488
1176 248164
1131 248124
1140 247873
1142 247858
1154 247457
1173 247326
1169 247132
1193 246458
1134 246445
1159 245376
1181 245294
1139 245239
1148 244959
1179 244805
1129 244590
1180 244372
1157 243998
1144 243888
1137 243514
1153 243331
1162 243138
1135 243040
1128 242808
1130 242610
1203 242351
1151 242288
1163 242060
1192 241887
1143 241848
1189 241705
1177 241218
1105 240940
1109 240110
1190 238882
1198 238796
1146 238169
1161 238152
1152 238137
1194 238056
1119 237791
1141 237680
1168 237223
1156 237106
1205 237089
1219 237035
1170 236871
1150 236218
1186 235657
1207 235588
1149 235198
1178 234792
1191 233969
1214 233892
1158 233739
1208 233434
1188 233338
1174 233324
1185 233253
1196 233141
1182 232929
1217 232343
1172 232184
1213 231548
1200 231499
1211 231148
1184 231049
1220 230657
1227 230255
1216 230158
1244 229029
1199 227862
1230 227795
1210 227465
1209 227449
1221 227340
1204 227126
1239 226701
1197 225772
1222 225769
1260 225386
1224 225362
1231 225060
1202 224462
1226 224416
1195 224410
1187 224382
1240 224135
1241 224089
1215 224067
1229 223995
1256 222531
1242 222282
1261 222167
1247 221951
1255 221219
1246 221209
1206 220361
1201 220055
1218 220054
1243 219378
1233 219322
1225 219282
1223 219265
1251 218792
1237 218543
1259 217889
1212 217475
1252 217225
1248 216482
1249 215891
1264 215202
1253 215198
1232 214744
1236 214605
1245 214364
1258 214036
1228 214008
1257 213169
1269 213150
1262 211169
1279 211127
1235 210865
1268 210750
1254 210562
1297 208148
1238 207115
1267 206550
1263 205644
1250 205132
1273 204920
1282 204353
1266 204289
1302 203119
1272 203000
1280 202857
1287 202263
1304 201956
1270 201449
1274 199783
1286 199653
1294 199634
1281 198710
1316 198531
1234 198378
1265 198116
1307 198061
1301 197145
1355 196488
1335 196019
1289 195907
1340 195649
1291 195506
1306 195501
1283 195324
1278 195264
1321 195263
1311 195249
1285 195061
1315 194859
1277 194855
1271 194845
1354 194603
1308 194516
1318 194474
1293 194459
1312 193964
1365 193957
1292 193881
1303 193495
1346 193453
1359 193368
1337 193297
1331 193120
1299 192902
1330 192784
1372 192325
1290 192265
1326 192223
1309 192210
1352 192021
1305 191938
1364 191720
1351 191345
1348 191277
1324 191083
1275 190748
1300 190421
1323 189514
1356 189323
1332 188660
1327 188647
1314 188593
1320 188543
1298 188510
1360 188422
1333 188238
1276 188128
1296 188125
1369 188096
1347 187988
1317 187652
1313 187590
1284 187527
1350 187467
1363 187445
1345 187146
1375 187009
1310 186881
1336 186844
1328 186768
1373 186528
1319 186265
1341 186067
1377 185910
1362 185815
1322 185495
1429 185244
1344 184874
1366 184809
1378 184688
1374 184609
1342 184261
1325 184252
1405 183909
1370 183856
1334 183821
1343 183549
1295 183456
1409 183251
1388 183015
1386 182972
1339 182814
1413 182575
1394 182478
1338 182006
1379 181849
1367 181448
1288 181285
1430 180610
1368 180584
1392 180260
1404 179920
1420 179686
1380 179447
1396 179440
1357 179358
1390 179148
1406 178747
1431 178496
1441 178410
1439 178382
1426 178327
1382 178114
1381 178102
1425 177928
1358 177387
1414 177108
1435 177104
1415 176689
1446 176246
1361 176003
1401 175940
1385 175926
1353 175716
1456 175645
1418 175013
1445 174943
1443 174779
1453 174391
1432 174052
1384 174035
1438 174015
1454 173926
1402 173908
1387 173647
1329 173532
1410 173130
1416 173037
1455 173021
1421 173010
1395 172850
1419 172764
1399 172695
1398 172552
1393 172375
1479 172245
1371 172079
1450 172061
1383 171697
1485 171672
1490 171670
1428 171592
1465 171506
1495 171214
1459 171127
1486 171042
1349 170956
1400 170879
1473 170576
1464 170328
1461 169967
1475 169612
1447 169576
1412 169468
1451 169461
1424 169352
1481 169281
1433 169057
1520 169056
1477 168362
1442 167947
1389 167865
1466 167579
1391 167368
1376 167328
1448 167127
1469 167102
1408 167082
1411 167054
1498 166912
1417 166690
1440 166361
1512 166255
1526 166181
1403 166048
1538 165946
1463 165676
1436 165536
1444 165328
1462 165314
1478 164934
1527 164861
1422 164702
1471 164480
1514 164472
1510 164297
1488 164103
1580 163736
1531 163378
1460 163336
1407 163223
1511 163146
1468 162969
1550 162954
1470 162906
1536 162591
1449 162099
1492 161971
1474 161718
1496 161690
1397 161626
1487 161611
1482 161500
1423 161478
1503 161400
1499 161390
1505 161353
1570 161310
1427 161309
1434 161281
1565 161238
1508 161072
1437 161014
1457 160850
1534 160743
1480 160610
1458 160462
1522 160451
1483 159864
1541 159763
1604 159722
1518 159629
1548 159563
1551 159358
1489 159234
1542 159080
1553 158988
1494 158952
1515 158655
1509 158396
1595 157941
1493 157671
1504 157424
1589 157347
1516 157249
1519 156934
1552 156866
1591 156784
1573 156743
1524 156498
1558 156397
1579 156374
1521 156369
1537 156125
1566 155996
1467 155906
1616 155903
1528 155881
1529 155701
1540 155645
1484 155433
1568 155423
1452 155316
1549 155237
1588 155209
1629 155181
1517 155157
1585 155120
1599 154851
1564 154749
1506 154625
1476 154599
1556 154532
1543 154321
1600 154033
1530 153603
1561 153535
1618 153529
1601 153489
1532 153439
1569 153253
1507 153206
1613 153140
1535 152658
1491 152638
1502 152590
1525 152274
1609 151470
1501 151408
1544 151407
1539 151148
1557 150848
1605 150825
1606 150774
1608 150768
1614 150677
1545 150548
1632 150452
1607 150420
1645 150320
1555 150285
1687 150265
1627 150248
1693 150162
1572 150070
1642 149880
1590 149861
1619 149822
1598 149726
1612 149655
1586 149449
1593 149390
1581 149378
1563 149333
1567 149255
1596 149012
1500 148929
1578 148733
1610 148701
1672 148605
1546 148185
1533 148140
1575 148140
1655 147992
1603 147983
1597 147964
1726 147771
1653 147410
1615 147284
1554 147262
1626 147227
1701 147192
1633 147180
1708 147135
1662 147102
1703 146982
1648 146970
1682 146864
1582 146790
1692 146761
1666 146692
1547 146611
1497 146583
1658 146486
1602 146380
1472 146338
1631 146308
1637 146161
1710 145523
1576 145457
1652 145362
1636 145307
1709 145299
1661 145130
1611 144994
1680 144825
1725 144690
1696 144569
1699 144155
1620 144060
1675 144049
1690 143929
1712 143805
1715 143792
1523 143778
1628 143752
1705 143684
1583 143615
1571 143572
1594 143543
1667 143482
1621 143318
1665 143191
1574 143134
1646 143005
1513 142778
1592 142697
1638 142633
1584 142614
1686 142568
1670 142382
1617 142278
1559 142215
1623 142064
1685 141868
1630 141849
1741 141791
1704 141131
1719 140936
1657 140858
1647 140821
1669 140773
1698 140750
1721 140413
1641 140374
1562 140341
1674 140203
1688 140097
1663 140041
1707 140008
1664 139560
1622 139435
1706 139320
1683 139245
1659 139161
1625 139094
1720 139033
1729 138725
1678 138721
1635 138709
1650 138670
1649 138535
1634 138332
1738 138022
1689 137903
1684 137855
1577 137798
1660 137611
1656 137584
1651 137534
1753 137444
1713 137432
1691 137339
1694 137245
1727 136943
1711 136797
1771 136769
1643 136711
1560 136317
1734 136253
1732 136199
1743 136151
1737 135751
1736 135716
1679 135601
1728 135520
1639 135516
1747 135513
1676 135467
1654 135259
1624 135085
1730 134762
1739 134309
1702 134185
1640 134062
1718 133901
1671 133792
1673 133779
1644 133750
1677 133195
1772 133187
1735 132883
1668 132878
1757 132859
1723 132467
1695 132416
1793 132153
1681 131936
1742 131835
1761 131744
1751 131674
1722 131454
1756 131271
1787 131225
1731 131202
1789 131128
1724 131033
1769 130823
1714 130751
1783 130474
1717 130346
1770 130320
1759 129649
1716 129569
1697 129505
1763 129176
1754 129160
1587 129094
1765 128983
1758 128868
1804 128494
1766 127510
1755 127376
1880 127282
1760 126932
1777 126752
1700 126748
1784 126100
1740 125985
1817 125968
1835 125870
1746 125754
1749 125725
1762 125721
1776 125696
1775 125593
1801 125517
1812 125492
1767 125434
1764 125238
1808 125111
1859 125010
1802 124922
1825 124668
1774 124444
1745 124285
1786 124188
1733 123703
1778 123554
1750 123361
1821 123333
1827 122929
1795 122870
1810 122856
1780 122852
1768 122762
1837 122658
1816 122337
1842 122247
1800 122197
1836 122139
1807 121964
1899 121812
1744 121565
1878 121536
1779 121279
1826 121208
1889 121173
1862 120879
1814 120761
1752 120699
1828 120648
1860 120418
1875 120157
1885 119888
1796 119863
1790 119648
1882 119561
1904 119536
1748 119485
1798 119354
1871 119259
1831 119249
1792 118954
1794 118861
1799 118829
1905 118750
1849 118731
1833 118699
1797 118691
1843 118662
1791 118570
1840 118169
1903 118053
1819 118036
1888 117920
1902 117729
1806 117580
1879 117244
1850 117181
1805 117174
1863 117071
1909 116956
1852 116884
1781 116678
1820 116659
1830 116645
1847 116572
1900 116408
1873 116383
1785 116360
1788 116123
1854 116072
1773 116004
1868 115934
1865 115922
1890 115792
1811 115746
1861 115712
1834 115702
1851 115653
1893 115614
1887 115559
1876 115427
1886 115294
1823 115101
1874 115043
1855 114975
1782 114562
1870 114455
1907 114371
1818 114186
1867 114023
1858 113809
1898 113591
1884 113547
1883 113542
1894 113218
1813 113147
1822 112457
1815 112441
1895 112422
1809 112295
1872 112242
1864 112213
1869 112174
1846 111984
1866 111944
1832 111816
1914 111765
1892 111537
1824 111268
1829 111234
1838 111134
1857 111016
1908 110546
1916 110353
1911 110135
1803 109997
1901 109799
1848 109722
1917 109553
1913 109055
1841 108974
1845 108565
1945 107467
1919 107360
1918 107276
1853 107151
1856 106740
1881 106631
1839 106281
1956 106266
1897 106183
1925 106182
1976 106182
1924 105965
1910 105812
2005 105780
1929 105412
1940 105304
1920 105049
1844 104503
2025 104195
1980 104063
1923 103880
1906 103794
1942 103616
1966 103585
1915 103568
1944 103565
1962 103326
1952 103238
1932 102945
1912 102785
2004 102643
1938 102622
2036 102556
1877 102374
1930 102292
2028 102177
1896 102125
2037 102095
2070 102021
2002 101933
1985 101912
1996 101873
2051 101679
1891 101657
2010 101457
1989 101356
2047 101181
1947 100949
1953 100889
1931 100763
1988 100758
2003 100752
1960 100673
1981 100635
2014 100635
1941 100628
1969 100518
2026 100375
2035 100374
1975 100275
1992 100161
1961 99979
1965 99883
1921 99809
1979 99550
2040 99523
2064 99523
1963 99513
2019 99504
1928 99463
2015 99460
2069 99132
2085 99057
2041 98963
1974 98946
2050 98930
1936 98818
2021 98810
2056 98748
2042 98647
1955 98547
1986 98509
2043 98389
2062 98205
2033 98186
1939 98161
1982 98132
1937 97958
2065 97948
2088 97876
1926 97861
2022 97826
1954 97757
2018 97696
2151 97582
2012 97581
1927 97467
2006 97402
1935 97394
2034 97350
1948 97157
1995 97100
1951 97061
1957 97041
2011 96997
2009 96937
2115 96818
2094 96736
2146 96651
1968 96618
2001 96568
1971 96566
1987 96488
2073 96485
2071 96410
1977 96344
2013 96313
1998 96115
2109 96066
1922 95962
2054 95959
1933 95936
2099 95910
2055 95907
1990 95827
2017 95775
2072 95747
2038 95734
1964 95679
1999 95568
2000 95475
2110 95438
1991 95318
2067 95313
2061 95306
2077 95226
2074 95062
2044 95015
1972 94994
2020 94836
2093 94815
2111 94770
2039 94750
1958 94700
2104 94656
2066 94594
2128 94552
2102 94546
1983 94249
2084 94209
2136 94155
1946 94015
2007 93872
2023 93860
2059 93815
1959 93778
1949 93767
1934 93726
1984 93663
2167 93641
2049 93588
2016 93452
2058 93449
2118 93433
2057 93429
1970 93313
2134 93275
2147 93230
2083 93177
2076 93094
2029 93081
2179 92896
2137 92848
1978 92829
2127 92806
2101 92755
2024 92645
1993 92619
2155 92619
2141 92561
2092 92557
2116 92528
2078 92496
2031 92409
1943 92362
2105 92331
2089 92033
2075 91875
2097 91847
2027 91826
2149 91701
2030 91668
2132 91660
2211 91652
2160 91619
2161 91500
2103 91499
2130 91464
2100 91341
2154 91285
2138 91272
2068 91262
2133 91201
2177 91180
2121 91145
1967 91115
2079 91005
2189 91000
2060 90781
2063 90778
1950 90704
2184 90700
2098 90674
2114 90614
2032 90525
2143 90494
2139 90479
2046 90470
2148 90446
2164 90344
1997 90299
2117 90285
2087 90201
2178 90074
1994 89818
2095 89805
1973 89798
2131 89794
2186 89787
2053 89666
2213 89606
2008 89576
2226 89575
2112 89536
2229 89390
2240 89377
2196 89319
2153 89268
2180 89185
2107 89048
2181 88902
2150 88858
2188 88826
2052 88796
2142 88761
2202 88698
2122 88697
2091 88361
2145 88335
2108 88311
2191 88202
2096 88146
2135 88090
2212 88076
2185 87997
2129 87987
2045 87854
2124 87729
2152 87681
2159 87607
2205 87559
2192 87511
2113 87477
2162 87334
2086 87330
2219 87211
2140 87046
2208 86672
2200 86622
2190 86525
2169 86483
2194 86406
2174 86235
2230 86013
2163 85901
2158 85866
2106 85805
2082 85800
2081 85477
2239 85399
2126 85392
2183 85391
2217 85349
2231 85178
2090 85070
2176 84949
2157 84872
2166 84798
2123 84667
2080 84602
2207 84594
2201 84524
2170 84462
2209 84449
2233 84390
2048 84374
2171 84336
2125 84309
2203 84263
2144 84235
2197 84091
2206 83973
2193 83536
2241 83498
2216 83472
2173 83431
2225 83325
2222 82916
2235 82907
2195 82822
2248 82812
2234 82714
2156 82710
2168 82383
2198 82307
2236 82140
2224 81932
2187 81913
2172 81909
2220 81849
2258 81833
2221 81482
2199 81467
2204 81402
2238 81358
2252 81122
2245 81020
2119 80782
2215 80761
2165 80373
2232 80183
2242 80026
2246 80006
2247 79859
2256 79527
2257 79487
2269 79405
2271 79385
2210 79361
2175 79042
2214 79012
2251 78857
2227 78781
2262 78768
2182 78638
2120 78303
2265 78204
2267 78114
2259 77875
2264 77776
2244 77737
2228 77661
2223 77287
2253 77274
2268 77257
2296 76725
2260 76616
2263 76490
2280 76367
2237 76003
2277 75947
2310 75811
2254 75785
2302 75760
2295 75632
2293 75433
2261 75304
2218 75258
2255 75215
2250 75022
2272 74732
2292 74504
2249 74148
2281 74143
2270 74011
2313 73987
2266 73853
2306 73634
2324 73078
2309 72830
2319 72741
2300 72667
2298 72616
2314 72392
2288 72242
2274 72229
2322 72047
2297 71795
2287 71786
2294 71215
2243 71132
2307 70902
2318 70883
2323 70816
2299 70657
2284 70327
2273 70055
2303 70027
2315 69757
2301 69750
2282 69736
2321 69718
2286 69657
2289 69545
2304 69177
2311 69147
2290 69086
2276 68834
2275 68827
2278 68626
2291 68480
2308 68325
2285 67871
2283 67799
2317 67756
2316 67688
2305 67611
2328 67174
2320 66894
2325 66811
2312 66600
2332 66061
2329 65786
2279 64766
2331 64668
2327 64626
2330 64604
2326 64362
2337 60355
2347 60199
2365 59645
2336 59619
2341 59352
2354 59175
2357 58963
2335 58519
2333 58511
2364 58087
2353 57589
2334 57425
2373 57205
2380 57097
2384 56883
2355 56835
2379 56642
2346 56367
2343 56299
2342 56288
2397 56275
2340 56158
2338 55998
2399 55906
2348 55834
2392 55806
2389 55718
2368 55659
2356 55648
2350 55481
2345 55352
2410 55234
2383 55175
2376 54965
2358 54964
2412 54860
2386 54807
2401 54768
2436 54704
2349 54620
2469 54547
2374 54511
2385 54472
2362 54410
2351 54300
2339 54262
2407 54157
2382 53959
2433 53882
2453 53856
2390 53755
2367 53681
2391 53596
2440 53563
2458 53532
2344 53509
2413 53453
2404 53442
2408 53403
2370 53344
2361 53261
2359 53155
2470 52974
2352 52941
2444 52903
2418 52895
2421 52884
2378 52784
2429 52681
2387 52596
2406 52538
2423 52500
2377 52463
2394 52448
2402 52356
2419 52299
2464 52291
2366 52137
2414 52092
2375 52041
2437 52035
2430 52013
2447 51981
2465 51951
2415 51867
2442 51824
2466 51823
2372 51734
2455 51719
2398 51700
2474 51602
2363 51543
2438 51398
2460 51387
2409 51185
2381 51138
2467 50959
2439 50803
2400 50714
2475 50611
2369 50558
2396 50495
2422 50272
2461 50230
2454 50187
2449 50141
2445 50124
2457 50036
2371 50014
2451 49910
2405 49870
2428 49740
2441 49618
2424 49593
2477 49549
2403 49345
2416 49321
2427 49302
2417 49269
2393 49134
2435 48990
2446 48959
2360 48873
2463 48652
2432 48631
2443 48482
2480 48455
2456 48433
2395 48329
2388 48277
2459 48232
2487 47837
2462 47829
2450 47709
2471 47672
2431 47622
2493 47511
2452 47408
2509 47332
2505 47229
2484 47159
2448 47150
2425 47077
2520 47049
2468 46786
2485 46647
2476 46646
2411 46547
2473 46348
2500 46293
2479 46286
2426 46182
2490 46031
2434 45942
2511 45833
2472 45817
2478 45770
2488 45692
2482 45558
2524 45367
2494 45337
2518 45256
2504 45168
2536 45039
2481 44934
2515 44895
2420 44886
2503 44725
2521 44710
2517 44592
2514 44580
2530 44576
2501 44561
2499 44533
2557 44332
2512 44192
2541 44186
2537 44173
2513 44147
2542 44121
2533 43734
2492 43729
2507 43593
2554 43559
2527 43540
2498 43427
2496 43330
2522 43285
2495 43222
2549 43130
2486 43116
2546 43048
2560 43002
2491 42981
2544 42859
2526 42764
2551 42670
2508 42652
2497 42630
2529 42603
2502 42593
2483 42484
2535 42425
2539 42322
2506 42262
2516 42208
2538 42089
2489 41789
2547 41767
2601 41717
2534 41492
2550 41479
2528 41459
2531 41376
2617 41177
2525 41131
2510 41079
2532 40854
2598 40815
2599 40765
2623 40754
2561 40539
2620 40492
2565 40289
2519 40222
2574 39999
2523 39984
2603 39983
2562 39967
2552 39940
2564 39927
2629 39858
2559 39754
2558 39736
2608 39692
2553 39668
2548 39513
2577 39445
2613 39301
2545 39222
2543 39156
2556 39068
2566 39016
2540 39003
2571 38979
2606 38973
2618 38959
2584 38946
2590 38877
2563 38862
2614 38810
2604 38751
2607 38665
2569 38329
2628 38305
2555 38290
2580 38279
2567 38220
2610 38211
2627 38208
2578 38204
2592 38084
2589 38081
2572 38030
2633 38024
2596 37865
2570 37863
2622 37709
2581 37692
2625 37632
2605 37619
2634 37549
2609 37544
2626 37530
2624 37526
2595 37520
2611 37462
2575 37388
2631 37373
2630 37370
2619 37333
2593 37327
2616 37260
2583 37231
2594 37228
2602 37215
2600 37092
2586 37067
2637 37040
2568 36942
2587 36887
2576 36886
2635 36799
2585 36703
2649 36562
2582 36560
2591 36558
2632 36551
2621 36457
2638 36442
2579 36377
2573 36341
2612 36263
2597 36168
2655 35912
2695 35903
2636 35877
2646 35828
2643 35715
2659 35469
2639 35381
2640 35303
2644 35263
2645 35219
2667 35165
2615 35150
2653 35110
2652 34986
2715 34939
2685 34913
2682 34801
2754 34776
2642 34727
2706 34679
2661 34649
2718 34604
2663 34596
2680 34591
2721 34580
2588 34481
2692 34422
2658 34409
2660 34403
2671 34340
2664 34304
2694 34270
2674 34249
2670 34155
2683 34141
2657 34140
2647 34113
2698 34103
2767 34055
2697 34042
2677 34034
2665 34004
2656 33998
2704 33985
2641 33974
2703 33929
2707 33899
2650 33892
2648 33830
2654 33822
2696 33818
2736 33806
2688 33770
2701 33746
2651 33719
2662 33666
2691 33649
2666 33587
2700 33480
2686 33455
2710 33425
2676 33403
2673 33375
2705 33337
2737 33312
2714 33298
2722 33270
2740 33205
2678 33197
2764 33150
2679 33101
2749 33089
2713 33064
2725 33046
2734 33044
2748 33034
2741 32869
2757 32832
2687 32821
2770 32821
2763 32775
2689 32759
2669 32746
2751 32723
2693 32704
2742 32676
2668 32653
2702 32649
2709 32646
2733 32618
2729 32569
2675 32546
2681 32514
2699 32513
2809 32487
2672 32484
2752 32479
2730 32471
2720 32431
2731 32381
2779 32372
2746 32359
2708 32273
2726 32234
2712 32231
2724 32226
2755 32223
2690 32185
2728 32152
2761 32115
2811 32104
2711 32090
2684 32078
2739 31986
2753 31967
2719 31939
2716 31922
2830 31907
2727 31878
2814 31702
2821 31683
2745 31671
2787 31663
2782 31660
2758 31652
2765 31580
2756 31563
2760 31548
2750 31431
2772 31386
2773 31355
2785 31319
2762 31303
2790 31251
2743 31182
2775 31126
2808 31096
2769 31060
2817 31046
2784 30982
2812 30956
2735 30951
2797 30933
2717 30899
2723 30683
2819 30660
2824 30630
2766 30615
2738 30605
2781 30571
2768 30551
2798 30531
2774 30508
2771 30456
2802 30440
2806 30417
2788 30392
2833 30369
2835 30337
2778 30335
2759 30332
2777 30329
2794 30283
2829 30251
2732 30214
2744 30188
2820 30184
2816 30152
2792 30127
2850 30121
2832 30116
2800 30082
2875 30008
2791 29965
2776 29890
2786 29843
2803 29839
2793 29801
2747 29787
2789 29774
2796 29746
2815 29740
2780 29667
2825 29655
2799 29625
2865 29612
2822 29609
2813 29575
2826 29574
2804 29513
2783 29464
2846 29397
2823 29378
2807 29361
2845 29342
2795 29302
2827 29279
2841 29215
2834 29118
2805 29026
2877 28974
2842 28966
2853 28918
2828 28894
2818 28761
2874 28734
2839 28720
2801 28678
2836 28678
2840 28657
2889 28641
2869 28592
2901 28518
2907 28416
2857 28413
2843 28391
2881 28385
2854 28384
2884 28352
2831 28339
2885 28327
2896 28315
2847 28275
2880 28261
2871 28247
2922 28245
2851 28220
2908 28208
2860 28191
2810 28142
2910 28062
2862 28020
2849 28018
2848 28007
2837 27899
2838 27894
2911 27855
2888 27835
2886 27810
2861 27786
2856 27691
2859 27666
2934 27582
2905 27506
2893 27416
2863 27372
2894 27362
2914 27339
2866 27310
2878 27301
2887 27284
2864 27281
2858 27267
2872 27235
2890 27213
2895 27151
2844 27138
2925 27058
2899 26955
2902 26954
2873 26952
2876 26935
2883 26895
2947 26861
2921 26837
2870 26832
2937 26804
2868 26780
2852 26742
2855 26737
2916 26718
2917 26697
2879 26693
2904 26688
2882 26677
2898 26657
2929 26640
2892 26631
2926 26586
2974 26559
2935 26505
2897 26485
2909 26448
2959 26395
2956 26387
2932 26371
2900 26353
2973 26342
2961 26315
2944 26306
2940 26290
2983 26266
2913 26198
2931 26169
2958 26162
2891 26146
2994 26119
2949 26115
2950 26064
2953 26061
2936 26049
2979 26048
2923 26044
2995 26044
2989 26002
2968 25933
2903 25914
2906 25888
2955 25876
2941 25871
2988 25858
3054 25858
2971 25842
2915 25833
2962 25832
2912 25773
3049 25771
3000 25752
2980 25742
2928 25734
2967 25728
3007 25728
2965 25716
2957 25677
3001 25676
3004 25665
2938 25663
3005 25623
2946 25602
3016 25571
3013 25525
2976 25512
2992 25495
3046 25469
2982 25462
3009 25454
3045 25448
2998 25431
2964 25414
3043 25365
2920 25348
2930 25337
3094 25297
3055 25289
2919 25272
2970 25246
3088 25211
2948 25198
3057 25179
2924 25178
2939 25162
3039 25156
2997 25151
3044 25079
3034 25048
3037 25036
3061 25016
3066 24989
2943 24955
2972 24937
3058 24936
3033 24918
3006 24905
3003 24898
2942 24892
2867 24878
2952 24873
2933 24864
2963 24828
2984 24796
3021 24786
2966 24779
2985 24774
3060 24768
3063 24722
3040 24696
2969 24691
3112 24689
2986 24671
2981 24659
3072 24642
2954 24582
3019 24578
3025 24520
2977 24509
3067 24503
3014 24471
3002 24470
3073 24468
3075 24468
3031 24442
2960 24440
3050 24433
2927 24422
3024 24413
3070 24396
3027 24370
2991 24346
3032 24329
3028 24312
3142 24296
3017 24255
3139 24246
2993 24241
3012 24239
3145 24239
2987 24234
3081 24233
3115 24229
3056 24190
2945 24189
2918 24153
3082 24137
3018 24136
3048 24131
3059 24081
3038 24058
3069 24048
3108 24044
3114 24017
3026 24003
3020 23975
3076 23962
2951 23945
3150 23942
3187 23906
3111 23894
3174 23878
3130 23863
3064 23852
3029 23836
3165 23835
3010 23832
3062 23802
3042 23785
2978 23709
3172 23704
3169 23660
3100 23659
3080 23652
2999 23645
3008 23643
3015 23638
3085 23633
3159 23621
3047 23618
3068 23611
3093 23588
3078 23566
3030 23565
3079 23555
3124 23554
3132 23541
3052 23530
3022 23517
3186 23502
3071 23432
3041 23426
3099 23426
3117 23411
3180 23406
3096 23394
3106 23342
3109 23322
3125 23303
3077 23297
3219 23291
3138 23283
3084 23265
3091 23255
3011 23234
3065 23224
3121 23199
3126 23199
3214 23187
3184 23185
3053 23156
3249 23145
3199 23141
2975 23120
3035 23094
3189 23090
2990 23082
3097 23076
3090 23066
3156 23022
3144 23016
3175 22998
3153 22990
3173 22978
3095 22972
3131 22951
3051 22906
3102 22905
3120 22888
3036 22884
3217 22868
3140 22865
3154 22865
3151 22847
3253 22822
3286 22819
3101 22807
3163 22797
3168 22795
3137 22745
3141 22741
3087 22731
3092 22728
3157 22721
3282 22720
3127 22668
3133 22666
3170 22663
3103 22659
3083 22646
3105 22628
3162 22613
3183 22609
3241 22609
3198 22607
3171 22599
3135 22596
3218 22555
3256 22550
3289 22545
3074 22540
2996 22538
3194 22503
3129 22495
3098 22484
3089 22449
3268 22449
3297 22438
3204 22433
3213 22429
3238 22429
3267 22420
3146 22393
3269 22385
3193 22346
3149 22330
3143 22317
3023 22309
3200 22305
3158 22294
3116 22291
3123 22267
3166 22244
3246 22230
3210 22202
3136 22190
3220 22189
3252 22179
3195 22150
3110 22142
3148 22142
3182 22136
3118 22134
3134 22129
3147 22129
3270 22105
3237 22094
3178 22083
3247 22075
3190 22064
3264 22044
3276 22015
3196 22006
3164 21992
3201 21980
3211 21978
3107 21958
3179 21945
3262 21943
3160 21932
3271 21926
3232 21911
3277 21905
3298 21902
3234 21881
3209 21848
3265 21841
3244 21820
3294 21801
3181 21793
3304 21786
3228 21770
3255 21763
3254 21743
3104 21742
3239 21712
3208 21710
3259 21702
3177 21683
3216 21650
3207 21642
3119 21632
3250 21616
3285 21612
3299 21609
3303 21593
3176 21564
3229 21564
3235 21562
3212 21546
3205 21537
3280 21531
3272 21526
3128 21505
3222 21477
3291 21470
3279 21462
3113 21456
3086 21452
3243 21413
3122 21411
3351 21392
3155 21358
3307 21354
3295 21350
3257 21335
3192 21334
3215 21326
3167 21297
3281 21286
3310 21278
3293 21271
3300 21266
3152 21265
3288 21263
3248 21239
3261 21237
3236 21211
3206 21196
3316 21181
3346 21172
3313 21142
3324 21131
3283 21120
3258 21081
3240 21070
3290 21059
3306 21034
3226 20992
3223 20954
3309 20946
3225 20928
3339 20922
3242 20908
3227 20898
3202 20890
3302 20889
3191 20859
3292 20859
3319 20811
3273 20787
3325 20768
3287 20719
3274 20701
3185 20669
3345 20668
3336 20660
3357 20655
3260 20643
3233 20619
3188 20604
3317 20561
3221 20556
3231 20550
3161 20546
3197 20506
3251 20488
3367 20475
3312 20438
3373 20430
3321 20388
3203 20387
3275 20375
3301 20372
3360 20354
3355 20333
3266 20272
3230 20260
3263 20259
3340 20206
3420 20204
3370 20192
3322 20189
3333 20189
3331 20160
3399 20145
3342 20078
3382 20043
3318 20022
3366 20011
3352 19995
3332 19978
3245 19955
3354 19952
3337 19940
3350 19909
3278 19903
3327 19887
3311 19883
3296 19825
3224 19822
3364 19807
3330 19803
3335 19799
3429 19786
3326 19768
3363 19763
3314 19731
3305 19714
3315 19704
3369 19699
3284 19678
3308 19668
3341 19654
3421 19611
3349 19599
3334 19515
3380 19464
3405 19450
3439 19439
3344 19437
3361 19429
3378 19405
3426 19401
3371 19388
3348 19383
3472 19379
3415 19350
3353 19310
3385 19295
3396 19268
3409 19256
3372 19231
3347 19198
3379 19160
3442 19131
3320 19090
3338 19086
3365 19045
3406 19026
3398 19011
3451 18994
3469 18976
3477 18970
3403 18968
3400 18956
3356 18902
3343 18890
3484 18879
3456 18855
3359 18828
3393 18825
3397 18820
3390 18819
3375 18782
3358 18772
3329 18753
3499 18753
3414 18745
3481 18745
3328 18733
3454 18727
3412 18676
3323 18675
3374 18630
3362 18628
3427 18593
3448 18576
3461 18568
3384 18566
3418 18555
3468 18516
3438 18501
3459 18496
3494 18469
3498 18446
3402 18440
3408 18429
3377 18421
3430 18416
3478 18384
3460 18360
3444 18352
3486 18347
3368 18315
3463 18257
3388 18246
3466 18215
3462 18183
3441 18157
3381 18155
3391 18143
3480 18134
3404 18101
3432 18101
3517 18083
3473 18036
3392 18022
3447 18009
3425 17956
3431 17956
3411 17952
3423 17939
3483 17930
3435 17918
3487 17915
3424 17905
3417 17893
3413 17884
3534 17875
3410 17871
3513 17870
3443 17864
3544 17843
3428 17815
3470 17813
3394 17802
3433 17772
3436 17756
3475 17724
3452 17717
3467 17716
3445 17707
3395 17686
3490 17678
3450 17662
3422 17656
3474 17651
3510 17648
3387 17642
3501 17607
3523 17603
3383 17587
3389 17582
3376 17571
3493 17543
3471 17535
3549 17531
3464 17494
3485 17487
3457 17475
3386 17466
3505 17449
3419 17438
3437 17420
3401 17410
3509 17365
3479 17348
3514 17347
3458 17332
3519 17260
3516 17258
3559 17249
3489 17238
3522 17219
3434 17187
3416 17178
3455 17176
3537 17167
3495 17163
3488 17160
3528 17128
3453 17116
3449 17108
3465 17100
3541 17092
3555 17059
3476 17044
3551 16992
3446 16976
3504 16968
3506 16968
3529 16950
3530 16947
3502 16932
3515 16858
3507 16857
3631 16823
3496 16777
3543 16735
3525 16715
3547 16690
3482 16672
3407 16667
3440 16655
3552 16655
3535 16635
3591 16633
3511 16608
3531 16558
3595 16554
3554 16532
3533 16482
3550 16414
3518 16347
3542 16347
3520 16310
3526 16286
3536 16278
3540 16261
3492 16255
3606 16248
3508 16218
3646 16204
3567 16195
3497 16181
3564 16177
3539 16173
3491 16157
3634 16109
3532 16102
3538 16092
3597 16068
3512 16043
3578 15989
3524 15976
3570 15974
3594 15962
3521 15950
3558 15938
3573 15938
3645 15938
3601 15930
3545 15904
3527 15901
3503 15843
3600 15824
3556 15783
3580 15767
3546 15753
3553 15750
3577 15745
3621 15733
3627 15719
3571 15715
3575 15711
3592 15711
3613 15694
3630 15692
3693 15667
3574 15661
3572 15659
3585 15626
3589 15595
3588 15566
3625 15548
3560 15521
3616 15521
3640 15499
3562 15498
3561 15490
3622 15489
3703 15488
3697 15469
3587 15447
3579 15415
3563 15401
3696 15395
3565 15346
3687 15342
3694 15340
3569 15337
3576 15333
3637 15311
3670 15307
3586 15273
3654 15266
3686 15248
3619 15192
3664 15191
3598 15139
3607 15129
3626 15127
3673 15118
3655 15107
3725 15097
3583 15091
3582 15083
3629 15068
3566 15063
3633 15057
3624 15056
3651 15051
3618 15039
3739 15038
3715 15037
3614 15029
3623 15023
3700 15002
3658 15000
3660 14988
3609 14979
3500 14956
3642 14955
3691 14945
3590 14931
3644 14924
3672 14924
3557 14914
3649 14912
3699 14901
3708 14880
3733 14877
3678 14876
3652 14875
3765 14855
3675 14853
3604 14848
3720 14844
3789 14838
3628 14831
3641 14795
3596 14794
3665 14780
3632 14772
3667 14750
3610 14741
3709 14731
3676 14726
3726 14725
3759 14725
3680 14723
3581 14720
3612 14684
3679 14660
3714 14639
3608 14626
3593 14622
3599 14611
3617 14604
3684 14588
3681 14564
3732 14564
3615 14527
3685 14525
3674 14523
3648 14511
3635 14499
3747 14498
3643 14494
3653 14465
3657 14464
3548 14444
3605 14417
3650 14386
3620 14376
3718 14371
3711 14361
3753 14358
3712 14357
3611 14356
3568 14350
3771 14334
3731 14331
3682 14330
3690 14330
3829 14327
3683 14316
3832 14301
3603 14298
3721 14273
3766 14259
3740 14242
3858 14236
3707 14231
3705 14230
3661 14205
3779 14192
3656 14172
3666 14172
3636 14169
3742 14155
3792 14138
3754 14127
3602 14121
3838 14115
3695 14106
3861 14094
3743 14089
3702 14051
3638 14044
3668 14035
3584 14021
3770 14021
3639 14017
3736 14000
3795 13972
3716 13964
3677 13961
3831 13954
3659 13947
3805 13946
3692 13941
3934 13938
3689 13927
3837 13926
3729 13924
3774 13917
3647 13897
3701 13883
3719 13878
3750 13864
3751 13863
3841 13835
3730 13830
3802 13829
3748 13816
3783 13778
3799 13776
3850 13774
3717 13773
3688 13753
3909 13743
3812 13739
3723 13738
3669 13735
3758 13714
3706 13712
3784 13707
3865 13689
3662 13682
3713 13673
3741 13670
3862 13668
3807 13659
3724 13647
3813 13636
3800 13633
3738 13592
3768 13586
3808 13586
3746 13583
3772 13572
3671 13560
3823 13558
3663 13550
3757 13545
3786 13536
3782 13533
3722 13525
3760 13525
3769 13521
3773 13495
3780 13487
3735 13477
3801 13474
3745 13463
3793 13453
3856 13407
3775 13397
3727 13386
3846 13381
3744 13380
3790 13356
3804 13352
3817 13351
3810 13332
3842 13310
3867 13300
3763 13291
3859 13280
3737 13274
3698 13260
3797 13247
3834 13247
3888 13245
3904 13242
3855 13197
3876 13196
3762 13195
3752 13188
3921 13178
3827 13163
3852 13162
3814 13161
3819 13155
3710 13151
3734 13145
3828 13141
3788 13117
3898 13094
3803 13088
3798 13078
3809 13025
3776 13021
3910 13019
3728 13010
3796 13000
3897 12997
3787 12990
3825 12976
3818 12970
3833 12969
3781 12968
3704 12960
3764 12952
3843 12949
3849 12948
3794 12941
3896 12941
3811 12922
3822 12903
3820 12894
3840 12889
3880 12873
3826 12846
3816 12795
3830 12768
3749 12764
3824 12764
3847 12763
3755 12755
3756 12749
3964 12743
3905 12734
3778 12732
3868 12731
3853 12703
3885 12678
3879 12626
3882 12626
3966 12623
3785 12620
3942 12609
3948 12594
3913 12593
3851 12586
3761 12521
3875 12513
3938 12509
3835 12498
3975 12487
3981 12482
3931 12472
3892 12465
3881 12464
3916 12431
3883 12418
3777 12409
4069 12409
3873 12403
3864 12398
3927 12379
3889 12366
3844 12342
3857 12340
3869 12321
3908 12312
3915 12301
3899 12280
3894 12262
3917 12244
3941 12244
3806 12233
3976 12225
3952 12211
3967 12186
3914 12172
3901 12149
3970 12132
4005 12130
3972 12115
3961 12114
3911 12105
3848 12101
3839 12093
4026 12088
3815 12076
3891 12075
3845 12069
3871 12061
3933 12043
3874 12038
3791 12037
3854 12025
3906 12020
3870 12015
3886 12014
3877 11998
3963 11996
4017 11980
3866 11977
3893 11968
3922 11965
3930 11962
3960 11956
3947 11942
3958 11932
4051 11919
4006 11912
4004 11899
3902 11871
3935 11870
4030 11852
3912 11848
3945 11837
3959 11837
3949 11835
3884 11832
3943 11832
4054 11827
3974 11814
3932 11806
4011 11798
4041 11777
3925 11776
3903 11770
4018 11767
3973 11762
3872 11757
3895 11742
3929 11733
3890 11726
3900 11726
3924 11716
3926 11715
4022 11696
3919 11693
3953 11674
3860 11659
3968 11653
3969 11639
3836 11629
3887 11622
3990 11616
4038 11596
3955 11584
3923 11568
4057 11563
3985 11559
3907 11558
3991 11548
3996 11544
4009 11519
4023 11511
3920 11508
4021 11508
3821 11497
3940 11489
3994 11487
4044 11481
3986 11469
3939 11443
4024 11424
4008 11422
4020 11422
4014 11407
3936 11403
3946 11402
3965 11402
3971 11395
3987 11395
4045 11381
3997 11375
3944 11358
4000 11339
3954 11326
3928 11294
3957 11289
3767 11286
4060 11282
4098 11248
4089 11226
4086 11222
3978 11193
3918 11188
4066 11179
4002 11171
4037 11167
4042 11156
3982 11155
4048 11147
4077 11142
3863 11141
3956 11138
3980 11130
3878 11128
4112 11109
4010 11096
4027 11095
4029 11094
4047 11078
4056 11076
3950 11059
3984 11057
4059 11055
3999 11046
4015 11042
3995 11032
4040 11032
4074 11019
3979 11018
4007 11011
4013 11003
3937 11000
4012 10997
3988 10972
4043 10972
4035 10963
3977 10949
4093 10942
4046 10939
4049 10934
4072 10924
4119 10844
4075 10828
4050 10826
3993 10823
4033 10810
4063 10788
4062 10786
4003 10778
4061 10762
3962 10756
4126 10755
4149 10723
4067 10707
4121 10679
3951 10655
4053 10654
3998 10632
4083 10624
4120 10597
3992 10592
4064 10563
4071 10539
4036 10527
4096 10527
4107 10518
4135 10518
4081 10495
4170 10489
3983 10487
4138 10486
4039 10475
4068 10475
4055 10464
4078 10456
4016 10442
4034 10442
4111 10433
3989 10427
4052 10419
4129 10388
4161 10370
4094 10368
4076 10366
4155 10360
4095 10322
4025 10311
4080 10297
4117 10293
4001 10286
4134 10281
4070 10272
4032 10270
4031 10259
4143 10256
4156 10256
4028 10203
4073 10183
4110 10169
4084 10168
4177 10154
4115 10148
4144 10144
4109 10142
4092 10138
4132 10131
4099 10117
4221 10114
4104 10101
4181 10096
4236 10082
4189 10055
4148 10054
4201 10047
4130 10045
4065 10044
4171 10040
4188 10017
4105 10016
4090 10011
4087 10005
4122 9987
4116 9979
4085 9975
4169 9973
4118 9953
4179 9946
4159 9944
4123 9938
4103 9935
4150 9934
4127 9926
4019 9923
4202 9919
4131 9913
4108 9904
4101 9901
4128 9901
4141 9895
4102 9876
4125 9861
4198 9855
4167 9851
4153 9850
4210 9812
4079 9792
4197 9773
4182 9764
4058 9754
4193 9741
4168 9736
4162 9734
4178 9728
4176 9707
4091 9678
4194 9668
4246 9668
4215 9664
4180 9659
4146 9651
4113 9648
4165 9647
4166 9622
4265 9619
4199 9618
4233 9600
4275 9586
4187 9567
4133 9565
4106 9556
4261 9556
4216 9544
4082 9532
4147 9529
4254 9526
4174 9521
4256 9511
4124 9507
4203 9497
4209 9496
4314 9489
4097 9486
4262 9483
4164 9466
4142 9443
4294 9431
4257 9428
4145 9423
4195 9423
4088 9412
4235 9407
4163 9395
4172 9378
4264 9370
4100 9364
4136 9362
4285 9362
4329 9350
4158 9345
4140 9335
4186 9305
4241 9267
4206 9266
4230 9250
4200 9244
4219 9239
4139 9233
4152 9230
4228 9215
4173 9208
4227 9204
4222 9201
4245 9201
4290 9196
4157 9184
4274 9182
4266 9173
4137 9172
4192 9145
4238 9134
4251 9126
4341 9117
4237 9093
4312 9071
4175 9063
4311 9060
4272 9055
4273 9042
4304 9040
4293 9039
4232 9030
4289 9023
4196 9019
4204 9018
4183 8998
4154 8975
4231 8975
4151 8974
4114 8965
4250 8958
4249 8953
4296 8945
4185 8937
4207 8935
4242 8930
4291 8926
4212 8892
4267 8889
4160 8878
4218 8878
4303 8869
4190 8861
4214 8843
4308 8829
4324 8828
4350 8800
4327 8790
4229 8776
4300 8776
4305 8772
4243 8765
4208 8760
4278 8750
4295 8716
4220 8714
4226 8712
4330 8711
4191 8700
4213 8695
4270 8695
4313 8680
4279 8669
4307 8663
4205 8634
4184 8625
4284 8622
4320 8612
4255 8610
4269 8609
4318 8608
4332 8608
4248 8600
4282 8595
4225 8594
4299 8589
4240 8583
4342 8576
4344 8555
4268 8534
4260 8518
4276 8517
4323 8481
4217 8424
4234 8418
4316 8410
4288 8406
4306 8399
4326 8396
4297 8392
4319 8380
4286 8367
4258 8346
4247 8345
4333 8324
4239 8296
4298 8295
4263 8294
4337 8290
4224 8287
4315 8278
4302 8260
4338 8256
4253 8243
4317 8237
4259 8209
4211 8169
4347 8167
4343 8128
4281 8112
4349 8091
4244 8076
4335 8062
4223 8056
4328 8056
4271 8042
4351 8034
4322 8029
4336 8018
4292 8015
4287 8014
4321 8013
4309 8002
4280 7993
4359 7972
4283 7949
4301 7911
4277 7896
4252 7840
4339 7828
4372 7795
4345 7770
4331 7758
4325 7739
4389 7679
4334 7678
4348 7676
4340 7628
4358 7618
4360 7617
4356 7603
4426 7596
4373 7554
4361 7533
4366 7497
4408 7451
4429 7422
4355 7401
4310 7390
4354 7370
4388 7362
4379 7340
4482 7308
4420 7295
4414 7279
4371 7265
4353 7254
4405 7251
4365 7234
4410 7227
4397 7214
4485 7188
4465 7177
4346 7143
4428 7137
4383 7121
4394 7120
4374 7111
4357 7071
4386 7060
4443 7056
4437 7047
4409 6986
4378 6974
4481 6969
4375 6956
4352 6953
4381 6951
4362 6942
4476 6926
4399 6916
4384 6915
4474 6895
4368 6885
4436 6859
4363 6838
4396 6834
4510 6834
4423 6829
4415 6827
4425 6820
4393 6801
4391 6798
4380 6786
4461 6782
4387 6781
4404 6754
4402 6749
4390 6739
4367 6727
4444 6718
4370 6700
4382 6693
4369 6661
4464 6660
4401 6658
4488 6646
4467 6616
4442 6600
4440 6586
4392 6580
4449 6560
4411 6547
4431 6542
4469 6540
4407 6533
4477 6530
4421 6523
4470 6511
4458 6507
4419 6494
4466 6494
4579 6491
4377 6476
4422 6472
4398 6469
4424 6441
4441 6428
4417 6427
4385 6421
4400 6397
4364 6392
4473 6388
4435 6383
4456 6383
4460 6373
4480 6363
4546 6353
4472 6345
4471 6343
4434 6336
4452 6330
4495 6318
4416 6312
4376 6309
4438 6302
4446 6292
4453 6265
4459 6256
4507 6249
4413 6230
4455 6218
4450 6213
4406 6212
4447 6208
4557 6191
4479 6189
4515 6185
4545 6183
4395 6174
4403 6167
4549 6166
4509 6162
4454 6132
4489 6131
4412 6118
4433 6115
4541 6099
4439 6083
4491 6078
4468 6073
4462 6063
4432 6061
4484 6061
4516 6038
4486 5996
4501 5976
4478 5958
4573 5953
4494 5945
4457 5943
4566 5932
4522 5931
4497 5922
4492 5915
4523 5898
4586 5898
4530 5891
4498 5872
4597 5861
4518 5833
4490 5832
4475 5817
4500 5814
4445 5813
4483 5806
4430 5804
4525 5800
4451 5786
4504 5786
4578 5786
4553 5777
4514 5771
4427 5770
4418 5765
4591 5760
4532 5737
4534 5736
4574 5720
4536 5701
4585 5696
4629 5680
4538 5678
4601 5678
4615 5673
4448 5670
4612 5666
4606 5660
4547 5653
4542 5647
4463 5642
4540 5641
4502 5638
4519 5604
4531 5593
4512 5592
4493 5588
4487 5573
4563 5567
4570 5553
4602 5546
4513 5542
4558 5537
4537 5532
4529 5513
4554 5511
4506 5506
4568 5502
4543 5499
4556 5499
4616 5492
4503 5471
4552 5457
4590 5452
4582 5437
4505 5423
4496 5410
4560 5403
4535 5398
4621 5398
4594 5385
4527 5372
4561 5362
4526 5344
4517 5341
4596 5331
4575 5329
4627 5323
4581 5300
4567 5290
4611 5288
4521 5285
4562 5280
4565 5280
4524 5258
4632 5258
4564 5255
4499 5250
4533 5211
4572 5186
4551 5173
4626 5169
4580 5149
4544 5148
4528 5147
4576 5146
4593 5145
4511 5137
4659 5137
4520 5132
4569 5129
4607 5126
4642 5094
4663 5079
4539 5077
4548 5062
4595 5055
4550 5044
4654 5041
4592 5023
4636 5023
4622 5004
4583 5002
4631 4998
4694 4989
4604 4966
4618 4963
4603 4954
4609 4941
4584 4927
4637 4927
4614 4924
4508 4922
4701 4912
4684 4908
4589 4907
4662 4906
4559 4904
4600 4904
4599 4897
4660 4886
4571 4871
4587 4869
4672 4865
4555 4847
4617 4847
4726 4815
4577 4806
4588 4803
4702 4800
4598 4787
4746 4766
4677 4758
4683 4744
4668 4740
4635 4725
4678 4708
4741 4698
4691 4678
4610 4671
4613 4667
4619 4666
4605 4659
4731 4656
4643 4648
4692 4644
4655 4639
4755 4633
4608 4632
4734 4628
4747 4625
4720 4609
4650 4604
4624 4598
4625 4583
4689 4547
4641 4542
4630 4539
4764 4539
4765 4537
4674 4527
4688 4527
4623 4502
4699 4497
4638 4494
4800 4484
4633 4471
4673 4468
4640 4461
4653 4460
4645 4455
4771 4443
4620 4442
4665 4442
4776 4437
4651 4433
4785 4429
4628 4424
4740 4424
4657 4418
4721 4417
4712 4412
4639 4410
4845 4399
4713 4391
4739 4373
4750 4357
4656 4353
4768 4349
4794 4349
4738 4343
4770 4337
4686 4331
4697 4325
4675 4323
4819 4321
4693 4313
4810 4309
4671 4300
4754 4296
4730 4293
4644 4292
4727 4285
4757 4280
4842 4280
4717 4276
4756 4263
4669 4258
4711 4242
4649 4239
4777 4237
4809 4237
4725 4234
4722 4230
4824 4224
4647 4222
4797 4211
4648 4208
4634 4197
4710 4197
4676 4171
4799 4171
4666 4170
4667 4148
4806 4148
4786 4147
4687 4141
4835 4132
4745 4126
4652 4123
4723 4121
4855 4120
4658 4119
4894 4109
4820 4102
4695 4097
4698 4090
4646 4079
4788 4077
4681 4076
4704 4064
4825 4064
4729 4063
4798 4062
4840 4054
4707 4047
4690 4046
4834 4044
4769 4043
4735 4041
4718 4030
4844 4030
4680 4029
4781 4028
4714 4023
4706 4011
4839 3997
4791 3993
4716 3991
4759 3983
4787 3973
4895 3971
4836 3970
4850 3957
4856 3956
4815 3937
4849 3929
4700 3925
4715 3910
4829 3907
4670 3902
4743 3899
4817 3870
4793 3863
4804 3862
4814 3859
4758 3855
4779 3854
4661 3853
4696 3842
4901 3842
4890 3841
4780 3837
4805 3836
4762 3835
4828 3826
4911 3803
4767 3787
4878 3784
4749 3783
4728 3778
4927 3771
4685 3758
4908 3745
4664 3740
4789 3737
4801 3735
4790 3730
4920 3730
4871 3728
4826 3725
4724 3713
4682 3710
4783 3708
4812 3708
4744 3696
4822 3696
4802 3687
4763 3681
4709 3680
4719 3680
4732 3677
4784 3677
4772 3666
4811 3663
4737 3659
4887 3658
4792 3647
4703 3645
4705 3639
4821 3626
4860 3617
4827 3610
4807 3608
4751 3602
4929 3598
4951 3589
4766 3586
4873 3585
4760 3582
4923 3582
5029 3575
4748 3566
4775 3565
4782 3553
4679 3550
4708 3547
4882 3540
5014 3526
4928 3524
4837 3522
4865 3521
5017 3521
4861 3519
4898 3512
4816 3508
4959 3499
4846 3496
4752 3491
4733 3487
4880 3483
4851 3481
4931 3478
4830 3471
4773 3466
4874 3461
4859 3460
4936 3458
4875 3451
4841 3443
4753 3440
4870 3436
4774 3432
4854 3425
4831 3418
4862 3410
4742 3408
4866 3408
4970 3408
4852 3406
4879 3406
4905 3406
4979 3398
4969 3387
4962 3382
4803 3369
4761 3351
5020 3348
4736 3346
4966 3344
4999 3338
5024 3338
4921 3329
5045 3327
4904 3322
4906 3321
4915 3320
4843 3319
4925 3318
5044 3317
5056 3314
4912 3311
4808 3307
4867 3305
5034 3304
4992 3303
5039 3302
4884 3299
5019 3298
5028 3298
5035 3290
4916 3286
4954 3281
5009 3278
4896 3275
4926 3270
5004 3266
4872 3265
4889 3253
4778 3246
5076 3246
4913 3242
4981 3238
4900 3235
5025 3235
4832 3229
4823 3225
4899 3225
5010 3225
4847 3221
4998 3219
5055 3217
4907 3215
5085 3213
4795 3209
4991 3206
4987 3204
4960 3198
4818 3187
4943 3185
4868 3182
4930 3168
4881 3160
5040 3158
5003 3151
4876 3146
5086 3141
4917 3139
5049 3139
4958 3134
5101 3131
5107 3129
4976 3128
4869 3121
4986 3115
5072 3114
4813 3109
5015 3109
4910 3094
5067 3093
5050 3090
4858 3085
4796 3079
4893 3070
4863 3067
4918 3067
4903 3066
4922 3063
4924 3063
4886 3061
4919 3057
5104 3056
5110 3056
5091 3055
5130 3054
5105 3046
4888 3038
5131 3038
5090 3036
5042 3034
4939 3032
5075 3028
4857 3027
4891 3025
4935 3019
4902 3018
5081 3013
4892 3010
4885 3006
4848 3005
4909 3004
4833 3001
4956 3001
4864 3000
5136 2996
5106 2986
5115 2986
4838 2980
4853 2975
4897 2974
4877 2961
5147 2959
4946 2954
4944 2953
4994 2942
5151 2933
4957 2924
5023 2923
5182 2921
5078 2920
4938 2918
5125 2916
4955 2915
5126 2915
5135 2914
4945 2910
4937 2903
5189 2898
4914 2896
4883 2895
4961 2871
5114 2870
5140 2866
5016 2858
5112 2857
5170 2855
4989 2849
4932 2847
5206 2847
4947 2844
4950 2843
5102 2843
5000 2840
4940 2836
5073 2836
5211 2830
5143 2825
5139 2824
5096 2822
4975 2814
4971 2811
5030 2811
4941 2806
5133 2801
5201 2800
5097 2797
4942 2796
5181 2792
5134 2787
5068 2777
4980 2773
4948 2760
5154 2759
4963 2755
5167 2749
5152 2737
5022 2735
5159 2734
5160 2734
5027 2730
5190 2718
5169 2711
5036 2704
4964 2703
5177 2701
5005 2695
5070 2690
5144 2690
5041 2686
5054 2684
5026 2682
5066 2669
5061 2666
5011 2665
5037 2661
4993 2657
4978 2651
5051 2649
4949 2642
4997 2642
4953 2639
5200 2639
4984 2633
5153 2631
5124 2628
5071 2621
4977 2619
5012 2618
5060 2609
5199 2608
5031 2600
5212 2598
4968 2592
5223 2589
4995 2587
4972 2582
5100 2582
4934 2580
4967 2580
5184 2578
5207 2578
5001 2577
5163 2577
4982 2576
5046 2575
5183 2574
5053 2573
5258 2573
5210 2570
5007 2567
5230 2566
4985 2562
5047 2562
4933 2560
4983 2556
5095 2548
4965 2547
4973 2541
5227 2540
5299 2533
5059 2531
5065 2530
5008 2523
5168 2523
5178 2522
4974 2521
5094 2520
5218 2518
5296 2514
4988 2505
5021 2504
4996 2503
5219 2503
5237 2503
5286 2501
5233 2492
5247 2489
5043 2479
5032 2476
5109 2476
5315 2473
5013 2471
5156 2464
5222 2464
5285 2464
5325 2463
5074 2459
5057 2458
5108 2458
5082 2456
5006 2451
5120 2451
5330 2448
5255 2447
5052 2440
5333 2440
5228 2439
4952 2434
5077 2431
5442 2430
5080 2429
4990 2428
5119 2427
5062 2426
5002 2422
5099 2418
5290 2412
5407 2411
5257 2410
5269 2405
5129 2399
5328 2396
5038 2394
5213 2393
5314 2392
5241 2383
5232 2381
5386 2379
5058 2374
5089 2369
5319 2369
5324 2368
5291 2361
5387 2357
5309 2345
5381 2345
5142 2343
5344 2336
5361 2336
5079 2335
5323 2334
5252 2331
5238 2329
5087 2327
5294 2322
5018 2319
5428 2315
5253 2313
5456 2312
5098 2311
5304 2309
5248 2308
5352 2308
5157 2307
5118 2305
5401 2303
5088 2300
5445 2300
5113 2299
5033 2297
5084 2297
5111 2297
5198 2296
5262 2295
5358 2289
5303 2287
5141 2286
5395 2286
5494 2285
5332 2284
5064 2280
5357 2280
5176 2275
5450 2273
5474 2269
5155 2268
5093 2264
5437 2264
5354 2260
5263 2259
5121 2258
5377 2257
5388 2257
5293 2255
5320 2254
5468 2252
5353 2249
5362 2247
5322 2246
5185 2244
5268 2244
5116 2242
5138 2242
5128 2241
5242 2238
5513 2236
5216 2235
5069 2234
5137 2234
5348 2233
5493 2232
5483 2231
5351 2230
5426 2230
5172 2228
5123 2224
5400 2218
5171 2215
5349 2214
5378 2213
5365 2211
5161 2210
5215 2210
5399 2210
5441 2207
5308 2206
5435 2205
5194 2199
5127 2198
5408 2197
5343 2190
5427 2186
5165 2185
5250 2185
5048 2182
5369 2182
5487 2182
5396 2177
5478 2174
5372 2173
5482 2172
5122 2171
5477 2170
5205 2169
5455 2168
5174 2162
5187 2162
5425 2162
5370 2160
5402 2157
5516 2154
5117 2152
5444 2147
5385 2140
5481 2140
5438 2138
5083 2137
5451 2126
5175 2124
5463 2124
5453 2122
5225 2121
5472 2117
5436 2110
5164 2105
5224 2102
5432 2099
5462 2088
5447 2086
5234 2085
5540 2083
5103 2082
5371 2081
5146 2079
5464 2076
5191 2075
5454 2070
5506 2070
5236 2068
5446 2068
5149 2067
5195 2067
5535 2066
5148 2065
5489 2060
5162 2059
5092 2057
5473 2057
5221 2056
5202 2051
5132 2039
5471 2036
5480 2036
5490 2036
5578 2036
5239 2030
5461 2030
5220 2029
5229 2025
5063 2023
5266 2020
5203 2019
5244 2017
5145 2015
5186 2010
5486 2005
5166 2003
5209 2001
5278 2000
5173 1996
5568 1992
5196 1990
5193 1985
5519 1980
5214 1973
5514 1972
5243 1971
5260 1968
5573 1960
5510 1956
5158 1952
5192 1950
5217 1945
5235 1945
5264 1945
5265 1943
5208 1942
5295 1942
5543 1940
5553 1938
5552 1934
5180 1932
5539 1928
5505 1918
5581 1918
5545 1916
5279 1915
5511 1914
5544 1911
5197 1909
5226 1905
5204 1904
5550 1904
5523 1898
5280 1891
5590 1884
5412 1882
5188 1881
5592 1880
5585 1878
5150 1876
5316 1874
5389 1874
5528 1874
5270 1871
5300 1870
5318 1868
5591 1868
5305 1867
5524 1866
5245 1864
5312 1864
5261 1861
5597 1859
5254 1856
5416 1847
5571 1846
5334 1842
5179 1841
5563 1840
5366 1839
5429 1839
5331 1838
5421 1834
5542 1834
5271 1833
5394 1831
5534 1822
5582 1820
5605 1820
5574 1818
5306 1816
5529 1816
5341 1813
5382 1809
5622 1808
5267 1803
5374 1802
5317 1799
5619 1798
5284 1797
5310 1797
5359 1797
5375 1796
5616 1796
5275 1794
5289 1794
5411 1792
5231 1791
5326 1791
5647 1790
5346 1789
5307 1788
5311 1785
5620 1782
5648 1779
5288 1776
5548 1772
5337 1767
5569 1759
5598 1758
5347 1757
5564 1756
5327 1755
5431 1754
5249 1751
5413 1750
5360 1747
5484 1747
5259 1745
5251 1742
5240 1741
5572 1737
5273 1733
5589 1733
5508 1727
5376 1726
5272 1722
5607 1722
5627 1722
5645 1722
5403 1715
5287 1713
5405 1713
5606 1711
5449 1710
5329 1709
5608 1708
5393 1707
5256 1705
5283 1701
5321 1696
5422 1696
5476 1696
5601 1692
5430 1689
5302 1688
5666 1688
5667 1686
5615 1682
5684 1680
5364 1674
5282 1667
5621 1666
5662 1666
5682 1664
5440 1663
5683 1662
5246 1661
5277 1661
5439 1661
5355 1660
5274 1659
5276 1659
5392 1657
5418 1656
5417 1654
5628 1652
5656 1652
5406 1650
5652 1650
5335 1640
5345 1631
5491 1630
5339 1627
5398 1626
5509 1626
5676 1626
5338 1622
5424 1621
5492 1620
5661 1620
5577 1619
5674 1618
5336 1615
5367 1611
5373 1611
5380 1608
5500 1604
5467 1603
5700 1600
5681 1598
5691 1598
5697 1596
5495 1586
5391 1584
5356 1582
5525 1582
5657 1582
5281 1578
5675 1578
5702 1577
5475 1576
5498 1576
5448 1574
5533 1573
5485 1572
5706 1572
5499 1570
5670 1570
5725 1570
5673 1569
5420 1564
5409 1558
5301 1554
5390 1554
5693 1554
5465 1552
5694 1550
5671 1546
5718 1546
5457 1542
5698 1540
5701 1539
5458 1538
5722 1536
5397 1535
5538 1534
5655 1532
5664 1532
5340 1530
5503 1530
5732 1528
5537 1526
5404 1524
5515 1524
5363 1522
5368 1522
5423 1519
5313 1518
5688 1516
5469 1514
5709 1514
5735 1514
5419 1512
5549 1512
5717 1512
5410 1510
5350 1509
5551 1505
5292 1503
5383 1502
5646 1502
5721 1502
5297 1501
5714 1500
5527 1498
5546 1497
5692 1497
5379 1495
5466 1489
5710 1489
5504 1486
5707 1482
5731 1478
5726 1470
5415 1469
5557 1469
5470 1468
5497 1468
5526 1468
5298 1467
5414 1466
5593 1460
5740 1460
5342 1458
5558 1452
5658 1446
5532 1444
5713 1442
5488 1440
5747 1436
5512 1430
5434 1428
5665 1426
5742 1426
5703 1424
5736 1424
5547 1423
5613 1418
5433 1414
5741 1406
5750 1400
5384 1398
5737 1390
5755 1382
5556 1380
5751 1379
5443 1377
5596 1377
5566 1374
5479 1368
5460 1360
5576 1360
5520 1358
5561 1358
5567 1354
5752 1350
5459 1344
5753 1338
5595 1333
5531 1330
5518 1324
5614 1322
5623 1322
5452 1320
5517 1320
5580 1316
5501 1313
5554 1312
5756 1310
5609 1308
5565 1306
5586 1306
5757 1303
5502 1298
5602 1298
5763 1298
5588 1296
5536 1288
5541 1288
5650 1283
5496 1282
5624 1280
5760 1276
5610 1274
5761 1272
5612 1270
5575 1268
5594 1266
5739 1264
5579 1260
5743 1260
5758 1258
5600 1256
5562 1254
5642 1250
5521 1246
5583 1240
5668 1240
5754 1238
5759 1226
5584 1224
5507 1222
5764 1222
5611 1221
5560 1212
5570 1212
5559 1211
5555 1210
5633 1206
5587 1200
5522 1193
5635 1192
5625 1191
5641 1190
5636 1184
5686 1184
5649 1183
5530 1182
5687 1178
5765 1178
5631 1170
5638 1170
5669 1166
5603 1158
5599 1154
5618 1152
5634 1148
5637 1148
5720 1146
5643 1126
5604 1122
5632 1120
5762 1118
5660 1116
5680 1109
5685 1099
5659 1094
5651 1090
5672 1087
5639 1086
5678 1084
5727 1084
5617 1083
5626 1078
5696 1066
5629 1040
5653 1034
5677 1033
5704 1032
5695 1026
5663 1010
5728 996
5705 994
5711 978
5630 976
5729 962
5654 960
5712 960
5640 946
5738 940
5715 938
5730 928
5689 923
5724 916
5644 896
5719 864
5679 842
5690 834
5699 830
5734 826
5748 822
5708 820
5723 820
5733 818
5745 813
5744 792
5716 763
5766 761
5749 715
5767 644
5746 639
5770 622
5769 611
5768 551
5771 464
5777 436
5774 428
5823 426
5772 413
5782 408
5792 402
5773 400
5834 398
5775 392
5798 392
5804 390
5795 388
5831 388
5868 382
5793 376
5849 374
5807 370
5810 370
5799 364
5800 364
5837 362
5780 352
5778 348
5811 348
5846 348
5806 346
5819 346
5853 346
5859 346
5873 342
5827 340
5776 338
5832 338
5785 336
5781 334
5787 334
5816 334
5858 334
5808 330
5863 330
5815 328
5854 328
5784 326
5826 324
5813 322
5779 320
5852 320
5801 318
5786 314
5805 312
5843 312
5851 310
5855 310
5878 310
5812 308
5818 308
5824 308
5842 308
5817 306
5829 306
5838 306
5791 305
5866 302
5828 300
5835 300
5864 300
5886 298
5789 294
5844 294
5848 292
5884 292
5794 290
5860 290
5803 288
5850 288
5814 286
5822 286
5825 286
5888 286
5865 284
5869 284
5783 282
5809 282
5820 282
5830 282
5833 280
5841 280
5857 280
5845 278
5790 277
5821 276
5874 276
5840 274
5797 273
5802 272
5876 272
5788 268
5796 268
5861 266
5839 260
5867 258
5870 254
5871 254
5856 252
5836 250
5862 250
5877 248
5882 248
5890 236
5893 236
5847 234
5880 228
5892 228
5872 224
5875 224
5883 210
5887 206
5881 202
5897 200
5894 197
5902 190
5879 184
5891 182
5906 172
5908 172
5913 172
5896 168
5901 168
5912 166
5917 164
5885 162
5900 162
5904 160
5889 154
5910 154
5895 152
5898 148
5915 146
5916 146
5905 138
5909 124
5899 116
5918 116
5907 110
5911 110
5919 100
5920 100
5903 92
5922 92
5914 86
5923 84
5924 84
5925 84
5930 84
5932 84
5935 84
5937 84
5941 84
5921 82
5929 78
5944 78
5945 78
5926 66
5927 66
5928 66
5931 66
5933 66
5934 66
5936 66
5938 66
5939 66
5940 66
5942 66
5943 66
5947 66
5950 66
5951 66
5952 66
5953 66
5954 66
5955 66
5957 66
5960 66
5946 60
5962 54
5965 54
5948 48
5949 48
5956 48
5958 48
5959 48
5961 48
5967 48
5968 48
5969 48
5970 48
5971 48
5973 48
5974 38
5975 38
5976 38
5977 38
5963 36
5964 36
5966 30
5972 30
5978 18
5979 18
5980 18
5981 18
5982 18
5983 18
5984 18
5985 18
5986 6
5987 6
5988 6
5989 6
5990 6
5991 6
5992 6
5993 6
5994 6
5995 6
5996 6
5997 6
5998 6
5999 6
madeupword0000 0
madeupword0001 0
madeupword0002 0
madeupword0003 0
