6 29515520
7 28292260
8 27926880
4 27361720
5 27244010
9 26104560
3 25729870
11 25338470
10 24644040
12 24185250
13 23089710
14 22269460
15 21757430
1 20897850
16 20422550
17 19634350
18 19183930
0 18794560
2 18591570
19 18223900
20 17975030
22 17051080
21 16942870
23 15880310
24 15831530
25 15737000
26 15498180
27 15192130
28 14959790
29 14157480
30 13642150
31 13327540
32 13194160
33 12437900
36 12173280
34 12134900
35 12082340
37 11749330
40 11491000
38 11436230
39 11354000
42 10842610
41 10766910
43 10436040
44 10407240
45 10345260
47 10239480
46 10106860
48 9718090
49 9440180
50 9342510
51 9272450
52 9239520
53 9067720
55 8616270
56 8613480
54 8589100
57 8426990
58 8084360
59 8075210
60 7874490
61 7672900
63 7490960
64 7446990
62 7428510
67 7231570
65 7069290
68 7029520
66 7016790
69 6769480
71 6567950
70 6562660
72 6443800
73 6368300
76 6332750
74 6300550
75 6227820
78 5918170
77 5883650
79 5791020
81 5705650
80 5631100
82 5550690
85 5535570
84 5514810
83 5464280
87 5382320
86 5368300
89 5144960
91 5106640
88 5100300
90 5005660
92 4983500
93 4889770
95 4825600
94 4816610
96 4712190
97 4710400
98 4693710
101 4561730
99 4549530
100 4549250
102 4521920
104 4400610
103 4382380
105 4333690
106 4202100
109 4181650
107 4173480
110 4037320
108 3981390
113 3979030
112 3964870
111 3950570
114 3887030
117 3827450
116 3791810
115 3734410
120 3724040
119 3710170
118 3678340
121 3669620
122 3552020
124 3509090
123 3484930
125 3474440
126 3394520
127 3333970
128 3327530
132 3271760
131 3241500
129 3217940
130 3201830
134 3147100
133 3112720
135 3065140
138 3052220
136 3045210
137 3044030
140 3025790
141 2955840
139 2914100
142 2869720
143 2867650
144 2850980
145 2811210
146 2782090
147 2779440
148 2748510
149 2734560
150 2629100
151 2618050
152 2598860
156 2592240
153 2584150
155 2541320
154 2461500
157 2460880
162 2425930
159 2423140
158 2393470
160 2331190
165 2329480
168 2308990
169 2307140
164 2291650
161 2269530
163 2267410
172 2254580
170 2229750
167 2203720
166 2198020
171 2180140
173 2153750
175 2080860
176 2058380
177 2025950
174 2000350
178 1962030
180 1957730
179 1949480
182 1947620
181 1912840
184 1901410
183 1888640
185 1877010
187 1845880
186 1844390
189 1829250
188 1802500
190 1798540
191 1774440
192 1718560
193 1714990
196 1711600
194 1687570
197 1681280
195 1676790
198 1656920
199 1630360
202 1593490
201 1590920
200 1577270
204 1568970
203 1552810
205 1530050
207 1523190
206 1519520
208 1513740
213 1504720
209 1493530
210 1485540
212 1464730
211 1454730
216 1450710
215 1440840
214 1430870
217 1419680
220 1382690
222 1371390
223 1369300
229 1366510
221 1354900
219 1354090
225 1351010
224 1341990
218 1337780
226 1321340
227 1317040
228 1303590
230 1248320
234 1243820
232 1237260
231 1228560
233 1218320
240 1211900
237 1207070
236 1201700
242 1184040
241 1164810
244 1160830
247 1159200
235 1153850
238 1150290
243 1146650
239 1145870
250 1137840
245 1119040
248 1118260
246 1110980
252 1103510
254 1102810
251 1102600
249 1097070
253 1086410
257 1074440
260 1070860
259 1068590
258 1063500
255 1061960
256 1058620
267 1057830
262 1055760
263 1051860
261 1049410
269 1038470
268 1030140
264 1029080
266 1023360
265 1008440
271 980670
270 976380
272 968530
273 960610
276 960400
274 946550
275 938660
279 905600
282 892890
284 890400
281 890140
280 887440
278 884020
283 878850
285 873400
277 862100
289 855440
286 850240
292 835150
287 828940
296 820680
293 818730
288 817600
290 810460
294 809270
291 806900
297 796760
295 796290
302 788740
299 779760
305 778810
298 778250
301 767170
300 762730
308 762710
304 759260
310 753990
309 750840
313 750780
323 748900
306 745840
303 742370
312 734470
311 717060
307 703150
318 696030
314 692600
315 688140
317 683970
328 678740
325 671430
330 669960
322 669350
316 668500
327 665620
324 665240
329 663820
320 655840
319 654320
326 653160
331 652450
337 652210
333 652060
332 650690
334 640730
335 635630
321 630320
338 613400
336 603830
339 598310
344 543640
340 540400
341 530910
342 521010
343 516670
353 514590
346 510440
347 510010
345 509840
350 490370
349 484740
351 484110
354 482650
357 479990
348 478540
362 478000
358 477530
355 476450
352 474510
356 465800
363 464200
359 461490
361 456260
365 455200
364 447300
360 443990
368 443810
367 432550
369 432490
370 430510
373 430410
366 426780
371 420890
376 418900
375 413810
380 412320
372 412140
377 410860
378 409730
379 402570
374 395410
381 392110
383 390080
382 389160
385 372020
392 371850
386 365350
384 356860
388 355410
390 351340
387 347940
393 337490
391 333020
389 328450
401 302370
399 300760
396 300200
397 299370
394 295150
395 293870
398 291780
406 288090
404 281750
407 280260
402 279240
403 275810
400 274870
405 267640
410 266870
409 263730
414 258320
408 253610
412 250790
411 248420
415 239100
413 234790
417 229150
416 223810
418 211260
419 207390
421 204130
420 198780
425 198260
423 198030
426 191270
422 188450
427 186750
428 185560
424 183670
430 175120
433 173260
432 172090
429 171570
431 171350
438 164960
434 162670
435 162610
437 161640
439 161640
436 161370
442 159510
444 155950
440 150600
441 149780
449 141480
443 136420
445 134580
447 134270
448 132890
446 128110
450 128070
453 127020
455 126230
456 114900
452 113680
454 110600
457 105000
451 104930
461 95320
458 95090
463 89480
459 87550
462 87460
460 84440
466 82590
470 82510
465 80050
464 78060
469 77390
467 74440
472 74210
468 74010
471 72670
473 72560
474 63770
475 61170
480 58120
476 57990
478 55800
477 55130
485 53520
482 52970
481 52020
484 51460
483 51050
479 44560
486 43300
488 40720
492 40630
489 39550
487 39280
490 36330
491 35720
493 31410
494 24260
499 19890
496 19550
498 19180
495 18820
497 18500
500 14550
503 13910
502 12760
501 10050
504 6780
506 5130
507 4260
505 3980
508 3410
509 1190
madeupword0000 0
madeupword0001 0
madeupword0002 0
madeupword0003 0
madeupword0004 0
madeupword0005 0
